[gd_scene load_steps=15 format=2]

[ext_resource path="res://bin/gdexample.gdns" type="Script" id=1]
[ext_resource path="res://icon.png" type="Texture" id=2]
[ext_resource path="res://CamBase.gd" type="Script" id=3]
[ext_resource path="res://main.gd" type="Script" id=4]
[ext_resource path="res://Vehicle.tscn" type="PackedScene" id=5]

[sub_resource type="CubeMesh" id=1]

[sub_resource type="SpatialMaterial" id=2]
subsurf_scatter_enabled = true
subsurf_scatter_strength = 0.32

[sub_resource type="SpatialMaterial" id=3]
albedo_color = Color( 0.12549, 0.980392, 0.00392157, 1 )
subsurf_scatter_enabled = true
subsurf_scatter_strength = 0.32

[sub_resource type="SpatialMaterial" id=4]
subsurf_scatter_enabled = true
subsurf_scatter_strength = 0.51

[sub_resource type="PlaneMesh" id=5]
material = SubResource( 4 )
size = Vector2( 100, 100 )

[sub_resource type="BakedLightmapData" id=6]
bounds = AABB( -100, -100, -100, 200, 200, 200 )
cell_space_transform = Transform( 4, 0, 0, 0, 4, 0, 0, 0, 4, 400, 400, 400 )
cell_subdiv = 11
octree = PoolByteArray( 0, 0, 0, 0, 0, 0, 0, 0, 0, 0, 0, 0, 0, 0, 0, 0, 0, 0, 0, 0, 0, 0, 0, 0, 0, 0, 0, 0, 0, 0, 0, 0, 0, 0, 0, 0, 0, 0, 0, 0, 255, 255, 255, 255, 255, 255, 255, 255, 255, 255, 255, 255, 255, 255, 255, 255, 255, 255, 255, 255, 255, 255, 255, 255, 255, 255, 255, 255, 255, 255, 255, 255 )

[sub_resource type="BoxShape" id=7]
extents = Vector3( 50, 2, 50 )

[sub_resource type="SphereMesh" id=8]

[sub_resource type="SphereShape" id=9]

[node name="Main" type="Spatial"]
script = ExtResource( 4 )

[node name="Sprite" type="Sprite3D" parent="."]
transform = Transform( 1, 0, 0, 0, 1, 0, 0, 0, 1, 0, 0.903571, 0 )
centered = false
texture = ExtResource( 2 )
script = ExtResource( 1 )

[node name="Label" type="Label" parent="Sprite"]
margin_right = 276.0
margin_bottom = 127.0
text = "hello from godot"
__meta__ = {
"_edit_use_anchors_": false
}

[node name="CamBase" type="Spatial" parent="."]
transform = Transform( -1.62921e-07, -0.34202, 0.939693, 0, 0.939693, 0.34202, -1, 5.57222e-08, -1.53095e-07, 11.5708, 3.49094, -0.714097 )
script = ExtResource( 3 )

[node name="Camera" type="Camera" parent="CamBase"]
current = true

[node name="MeshInstance" type="MeshInstance" parent="."]
transform = Transform( 0.785814, 0.618463, 0, -0.447457, 0.568534, 0.690327, 0.426942, -0.542468, 0.723497, -2.89529, 1.87126, 0.62652 )
mesh = SubResource( 1 )
material/0 = SubResource( 2 )

[node name="MeshInstance3" type="MeshInstance" parent="."]
transform = Transform( 0.785814, 0.618463, 0, -0.0457042, 0.0580713, 0.997266, 0.616772, -0.783665, 0.0738995, 1.65876, 1.87126, 3.51238 )
mesh = SubResource( 1 )
material/0 = SubResource( 3 )

[node name="MeshInstance2" type="MeshInstance" parent="."]
mesh = SubResource( 5 )
material/0 = null

[node name="BakedLightmap" type="BakedLightmap" parent="."]
bake_quality = 2
bake_extents = Vector3( 100, 100, 100 )
light_data = SubResource( 6 )

[node name="OmniLight" type="OmniLight" parent="."]
transform = Transform( 1, 0, 0, 0, 1, 0, 0, 0, 1, -2.89122, 1.35637, 4.27567 )
light_color = Color( 0, 0.368627, 1, 1 )
light_energy = 4.31
shadow_enabled = true
omni_range = 17.1
omni_attenuation = 5.65686

[node name="DirectionalLight" type="DirectionalLight" parent="."]
transform = Transform( -0.950814, -0.081296, 0.298905, 0.190486, 0.607483, 0.771155, -0.244272, 0.790162, -0.562117, 0.364094, 23.7573, -12.7083 )
light_energy = 0.81
light_indirect_energy = 2.7
light_specular = 0.29
shadow_enabled = true

[node name="StaticBody" type="StaticBody" parent="."]
transform = Transform( 1, 0, 0, 0, 1, 0, 0, 0, 1, 0, -2, 0 )

[node name="CollisionShape" type="CollisionShape" parent="StaticBody"]
shape = SubResource( 7 )

[node name="RigidBody" type="RigidBody" parent="."]
transform = Transform( 1, 0, 0, 0, 1, 0, 0, 0, 1, 16.3341, 1.54046, 0 )
gravity_scale = 3.0

[node name="MeshInstance" type="MeshInstance" parent="RigidBody"]
mesh = SubResource( 8 )
material/0 = null

[node name="CollisionShape" type="CollisionShape" parent="RigidBody"]
shape = SubResource( 9 )

[node name="Vehicle" parent="." instance=ExtResource( 5 )]
transform = Transform( 1, 0, 0, 0, 1, 0, 0, 0, 1, 8.54618, 3.63504, -0.0197554 )
brake = 0.0
