[gd_scene load_steps=13 format=2]

[ext_resource path="res://Overlay.tscn" type="PackedScene" id=1]
[ext_resource path="res://icon.png" type="Texture" id=2]
[ext_resource path="res://CamBase.gd" type="Script" id=3]
[ext_resource path="res://main.gd" type="Script" id=4]
[ext_resource path="res://Vehicle.tscn" type="PackedScene" id=5]

[sub_resource type="CubeMesh" id=1]

[sub_resource type="SpatialMaterial" id=2]
subsurf_scatter_enabled = true
subsurf_scatter_strength = 0.32

[sub_resource type="SpatialMaterial" id=3]
albedo_color = Color( 0.12549, 0.980392, 0.00392157, 1 )
subsurf_scatter_enabled = true
subsurf_scatter_strength = 0.32

[sub_resource type="SpatialMaterial" id=4]
subsurf_scatter_enabled = true
subsurf_scatter_strength = 0.51

[sub_resource type="PlaneMesh" id=5]
material = SubResource( 4 )
size = Vector2( 100, 100 )

[sub_resource type="BakedLightmapData" id=8]
bounds = AABB( -53.1959, -42.3172, -51.5777, 106.392, 84.6345, 103.155 )
cell_space_transform = Transform( 4, 0, 0, 0, 4, 0, 0, 0, 4, 212.784, 169.269, 206.311 )
cell_subdiv = 10
octree = PoolByteArray( 0, 0, 0, 0, 0, 0, 0, 0, 0, 0, 0, 0, 0, 0, 0, 0, 0, 0, 0, 0, 0, 0, 0, 0, 0, 0, 0, 0, 0, 0, 0, 0, 0, 0, 0, 0, 0, 0, 0, 0, 255, 255, 255, 255, 255, 255, 255, 255, 255, 255, 255, 255, 255, 255, 255, 255, 255, 255, 255, 255, 255, 255, 255, 255, 255, 255, 255, 255, 255, 255, 255, 255 )

[sub_resource type="BoxShape" id=7]
extents = Vector3( 50, 2, 50 )

[node name="Main" type="Spatial"]
script = ExtResource( 4 )

[node name="Sprite" type="Sprite3D" parent="."]
transform = Transform( 1, 0, 0, 0, 1, 0, 0, 0, 1, 0, 0.903571, 0 )
centered = false
texture = ExtResource( 2 )

[node name="Label" type="Label" parent="Sprite"]
margin_right = 276.0
margin_bottom = 127.0
text = "hello from godot"
__meta__ = {
"_edit_use_anchors_": false
}

[node name="CamBase" type="Spatial" parent="."]
transform = Transform( -1.62921e-07, -0.34202, 0.939693, 0, 0.939693, 0.34202, -1, 5.57222e-08, -1.53095e-07, 11.5708, 3.49094, -0.714097 )
script = ExtResource( 3 )

[node name="Camera" type="Camera" parent="CamBase"]
current = true

[node name="MeshInstance" type="MeshInstance" parent="."]
transform = Transform( 0.785814, 0.618463, 0, -0.447457, 0.568534, 0.690327, 0.426942, -0.542468, 0.723497, -2.89529, 1.87126, 0.62652 )
mesh = SubResource( 1 )
material/0 = SubResource( 2 )

[node name="MeshInstance3" type="MeshInstance" parent="."]
transform = Transform( 0.785814, 0.618463, 0, -0.0457042, 0.0580713, 0.997266, 0.616772, -0.783665, 0.0738995, 1.65876, 1.87126, 3.51238 )
mesh = SubResource( 1 )
material/0 = SubResource( 3 )

[node name="MeshInstance2" type="MeshInstance" parent="."]
mesh = SubResource( 5 )
material/0 = null

[node name="BakedLightmap" type="BakedLightmap" parent="."]
bake_extents = Vector3( 53.1959, 42.3172, 51.5777 )
light_data = SubResource( 8 )

[node name="DirectionalLight" type="DirectionalLight" parent="."]
transform = Transform( -0.950814, -0.081296, 0.298905, 0.190486, 0.607483, 0.771155, -0.244272, 0.790162, -0.562117, 0.364094, 23.7573, -12.7083 )
light_energy = 0.81
light_indirect_energy = 2.7
light_specular = 0.29
shadow_enabled = true

[node name="StaticBody" type="StaticBody" parent="."]
transform = Transform( 1, 0, 0, 0, 1, 0, 0, 0, 1, 0, -2, 0 )

[node name="CollisionShape" type="CollisionShape" parent="StaticBody"]
shape = SubResource( 7 )

[node name="Control" parent="." instance=ExtResource( 1 )]
margin_top = 0.0
margin_bottom = 0.0

[node name="VehicleBody" parent="." instance=ExtResource( 5 )]
transform = Transform( 1, 0, 0, 0, 1, 0, 0, 0, 1, 5.22009, 5.75504, 0 )
